Classification Model: Logistic Regression 
 Confusion matrix: 832.0  44.0  23.0   
198.0  98.0  23.0   
93.0   32.0  139.0  
 Precision(0.0) = 0.7408726625111309
 Precision(1.0) = 0.5632183908045977
 Precision(2.0) = 0.7513513513513513
 Recall(0.0) = 0.9254727474972191
 Recall(1.0) = 0.3072100313479624
 Recall(2.0) = 0.5265151515151515
 FPR(0.0) = 0.49914236706689535
 FPR(1.0) = 0.06534823731728288
 FPR(2.0) = 0.03776683087027915
 F1-Score(0.0) = 0.8229475766567753
 F1-Score(1.0) = 0.3975659229208925
 F1-Score(2.0) = 0.6191536748329621